   166.66667200000001        171.33451800000000     
   149.93888899999999        149.13876300000001     
   187.37155200000001        191.25927700000000     
   148.46548500000000        168.48614499999999     
   136.20678699999999        170.49919100000000     
   167.80334500000001        196.63290400000000     
   177.72081000000000        152.62884500000001     
   185.02407800000000        207.06281999999999     
   226.86244199999999        186.58088699999999     
   104.21060900000001        148.57739300000000     
   157.07057200000000        160.27587900000000     
   172.95596300000000        147.81393399999999     
   139.24507100000000        180.10891699999999     
   187.93475300000000        181.28141800000000     
   209.35249300000001        199.70756499999999     
   122.55402400000000        176.91952499999999     
   132.22877500000001        173.06765700000000     
   94.688293000000002        269.99618500000003     
   154.51647900000000        210.03286700000001     
   158.11486800000000        148.95082099999999     
   144.58155800000000        183.16127000000000     
   154.66606100000001        196.70625300000000     
   208.63061500000001        171.82144199999999     
   134.82044999999999        146.72236599999999     
   191.20631399999999        169.78727699999999     
   307.68383799999998        172.08314500000000     
   342.68707300000000        169.40248099999999     
   326.27066000000002        162.34686300000001     
   326.74032599999998        171.53903199999999     
   350.26409899999999        170.09515400000001     
   359.67758199999997        153.31607099999999     
   362.98367300000001        180.58155800000000     
   343.34625199999999        145.99026499999999     
   326.76129200000003        116.96926100000000     
   350.88412499999998        179.88403299999999     
   371.74648999999999        175.73091099999999     
   300.47888200000000        160.10675000000001     
   297.00900300000001        139.54563899999999     
   319.50341800000001        156.17132599999999     
   337.06509399999999        168.57435599999999     
   273.99215700000002        182.21487400000001     
   396.19101000000001        118.94101000000001     
   312.35284400000000        149.12144499999999     
   342.15481599999998        172.46391299999999     
   303.68701199999998        166.26496900000001     
   311.50393700000001        194.28990200000001     
   339.34262100000001        179.26365699999999     
   336.71020499999997        150.85528600000001     
   288.62774700000000        141.77499399999999     
   355.81329299999999        179.37576300000001     
   156.98025500000000        305.27291900000000     
   182.48051500000000        410.53890999999999     
   166.47322100000000        293.43112200000002     
   200.20814500000000        334.03939800000001     
   214.77282700000001        375.69583100000000     
   205.67160000000001        360.01177999999999     
   153.30079699999999        353.70977799999997     
   164.93299900000000        321.38418600000000     
   173.30282600000001        297.15469400000001     
   175.43212900000000        306.45751999999999     
   175.17887899999999        342.84173600000003     
   190.62019300000000        350.01629600000001     
   196.34445199999999        274.83697500000000     
   195.40086400000001        353.63510100000002     
   128.85185200000001        346.27249100000000     
   199.22677600000000        331.12216200000000     
   160.83592200000001        354.22122200000001     
   152.86294599999999        314.32461499999999     
   139.07484400000001        351.29440299999999     
   206.00312800000000        347.78100599999999     
   187.14315800000000        343.64688100000001     
   203.54296900000000        319.45202599999999     
   162.34503200000000        347.98416099999997     
   129.41548200000000        363.63278200000002     
   164.11634799999999        306.24697900000001     
   290.88308699999999        297.07586700000002     
   337.27401700000001        383.15411399999999     
   427.22521999999998        325.69607500000001     
   356.66091899999998        308.80285600000002     
   337.26547199999999        335.93301400000001     
   330.67608600000000        347.22268700000001     
   336.36413599999997        343.68368500000003     
   364.86834700000003        378.88214099999999     
   299.35116599999998        340.65096999999997     
   320.24658199999999        355.15142800000001     
   360.67816199999999        329.76696800000002     
   394.18704200000002        362.99987800000002     
   308.39379900000000        390.36062600000002     
   378.70422400000001        378.02954099999999     
   333.92465199999998        353.07366900000000     
   351.34655800000002        324.15997299999998     
   306.63195800000000        351.23174999999998     
   326.44940200000002        375.21447799999999     
   325.04104599999999        347.51474000000002     
   321.33496100000002        355.85211199999998     
   322.51791400000002        360.44070399999998     
   330.77923600000003        308.77426100000002     
   355.72558600000002        295.47689800000001     
   340.03869600000002        300.42535400000003     
   298.91961700000002        310.00796500000001     
